   5.09713870E-03  -5.30014586E-06  0.935833514    
   5.05050505E-03  0.300000012      0.936562121    
   1.52914142E-02  -2.55945579E-05  0.935802579    
   1.51515156E-02  0.300000012      0.936448216    
   2.54856497E-02  -6.40430299E-05  0.935847998    
   2.52525248E-02  0.300000012      0.936332464    
   3.56798172E-02  -1.18317737E-04  0.935931504    
   3.53535339E-02  0.300000012      0.936216414    
   4.58739102E-02  -1.86344390E-04  0.936040044    
   4.54545468E-02  0.300000012      0.936101079    
   5.60679063E-02  -2.66253744E-04  0.936166584    
   5.55555560E-02  0.300000012      0.935986936    
   6.62618130E-02  -3.56342702E-04  0.936307073    
   6.56565651E-02  0.300000012      0.935874283    
   7.64556453E-02  -4.55042784E-04  0.936458647    
   7.57575780E-02  0.300000012      0.935763776    
   8.66494030E-02  -5.60893910E-04  0.936619401    
   8.58585835E-02  0.300000012      0.935655057    
   9.68431085E-02  -6.72522292E-04  0.936788142    
   9.59595963E-02  0.300000012      0.935548246    
  0.107036762      -7.88621663E-04  0.936964095    
  0.106060609      0.300000012      0.935443223    
  0.117230371      -9.07936366E-04  0.937146485    
  0.116161615      0.300000012      0.935339987    
  0.127423957      -1.02924672E-03  0.937335253    
  0.126262635      0.300000012      0.935237706    
  0.137617543      -1.15135452E-03  0.937530100    
  0.136363626      0.300000012      0.935136557    
  0.147811130      -1.27307093E-03  0.937731206    
  0.146464646      0.300000012      0.935035467    
  0.158004731      -1.39320199E-03  0.937938929    
  0.156565666      0.300000012      0.934933901    
  0.168198377      -1.51053711E-03  0.938153505    
  0.166666657      0.300000012      0.934830964    
  0.178392053      -1.62383448E-03  0.938375533    
  0.176767677      0.300000012      0.934725881    
  0.188585788      -1.73180678E-03  0.938605547    
  0.186868697      0.300000012      0.934617639    
  0.198779613      -1.83310546E-03  0.938844740    
  0.196969688      0.300000012      0.934505045    
  0.208973497      -1.92630198E-03  0.939094126    
  0.207070708      0.300000012      0.934387028    
  0.219167456      -2.00986769E-03  0.939354718    
  0.217171729      0.300000012      0.934262693    
  0.229361504      -2.08214857E-03  0.939628661    
  0.227272719      0.300000012      0.934130728    
  0.239555642      -2.14133575E-03  0.939917505    
  0.237373739      0.300000012      0.933989763    
  0.249749869      -2.18543014E-03  0.940223992    
  0.247474745      0.300000012      0.933838904    
  0.259944141      -2.21219659E-03  0.940550625    
  0.257575750      0.300000012      0.933676839    
  0.270138443      -2.21910723E-03  0.940901041    
  0.267676771      0.300000012      0.933502614    
  0.280332744      -2.20326800E-03  0.941279471    
  0.277777791      0.300000012      0.933315039    
  0.290526927      -2.16132263E-03  0.941690743    
  0.287878782      0.300000012      0.933113337    
  0.300720990      -2.08932394E-03  0.942140996    
  0.297979802      0.300000012      0.932897031    
  0.310914725      -1.98255572E-03  0.942637980    
  0.308080792      0.300000012      0.932665169    
  0.321107924      -1.83528673E-03  0.943190634    
  0.318181813      0.300000012      0.932417929    
  0.331300318      -1.64040946E-03  0.943810701    
  0.328282833      0.300000012      0.932154953    
  0.341491461      -1.38890476E-03  0.944512665    
  0.338383853      0.300000012      0.931876898    
  0.351680636      -1.06900139E-03  0.945314527    
  0.348484844      0.300000012      0.931583941    
  0.361866802      -6.64800231E-04  0.946240485    
  0.358585864      0.300000012      0.931277514    
  0.372048020      -1.52779801E-04  0.947324693    
  0.368686855      0.300000012      0.930959046    
  0.382218421       5.32900216E-04  0.948687136    
  0.378787875      0.300000012      0.930630267    
  0.392367005       1.48154085E-03  0.949764013    
  0.388888896      0.300000012      0.930294573    
  0.402478933       2.75815930E-03  0.950352907    
  0.398989916      0.300000012      0.929955244    
  0.412533373       4.42278618E-03  0.950403154    
  0.409090906      0.300000012      0.929616034    
  0.422499985       6.54528104E-03  0.949654818    
  0.419191927      0.300000012      0.929281771    
  0.432337403       9.19768959E-03  0.947604477    
  0.429292917      0.300000012      0.928957403    
  0.441999197       1.24293501E-02  0.943312943    
  0.439393938      0.300000012      0.928648770    
  0.451462448       1.62075944E-02  0.935108483    
  0.449494958      0.300000012      0.928361058    
  0.460791379       2.03159135E-02  0.920557618    
  0.459595978      0.300000012      0.928100407    
  0.470183551       2.42665764E-02  0.898315489    
  0.469696969      0.300000012      0.927870989    
  0.479857802       2.74050385E-02  0.874031425    
  0.479797989      0.300000012      0.927675784    
  0.489845991       2.92776041E-02  0.859638155    
  0.489898980      0.300000012      0.927517056    
  0.500000000       2.98680626E-02  0.857685626    
  0.500000000      0.300000012      0.927397370    
  0.510154009       2.92776022E-02  0.860180974    
  0.510100961      0.300000012      0.927318811    
  0.520142198       2.74050366E-02  0.865265250    
  0.520202041      0.300000012      0.927282393    
  0.529816389       2.42665745E-02  0.876746595    
  0.530303001      0.300000012      0.927288115    
  0.539208651       2.03159116E-02  0.894328535    
  0.540404081      0.300000012      0.927335680    
  0.548537612       1.62075926E-02  0.912394106    
  0.550505042      0.300000012      0.927424669    
  0.558000803       1.24293491E-02  0.925703287    
  0.560606062      0.300000012      0.927553713    
  0.567662597       9.19768866E-03  0.933699846    
  0.570707083      0.300000012      0.927720368    
  0.577499986       6.54528011E-03  0.938067496    
  0.580808043      0.300000012      0.927921057    
  0.587466598       4.42278571E-03  0.940290511    
  0.590909123      0.300000012      0.928151369    
  0.597521067       2.75815884E-03  0.941281378    
  0.601010084      0.300000012      0.928406060    
  0.607632995       1.48154050E-03  0.941528738    
  0.611111164      0.300000012      0.928680003    
  0.617781639       5.32900100E-04  0.941272199    
  0.621212125      0.300000012      0.928967595    
  0.627951980      -1.52779903E-04  0.940576613    
  0.631313086      0.300000012      0.929263890    
  0.638133168      -6.64800347E-04  0.939592779    
  0.641414165      0.300000012      0.929564118    
  0.648319364      -1.06900150E-03  0.938783467    
  0.651515126      0.300000012      0.929863870    
  0.658508539      -1.38890487E-03  0.938084841    
  0.661616206      0.300000012      0.930159509    
  0.668699682      -1.64040946E-03  0.937468588    
  0.671717167      0.300000012      0.930447876    
  0.678892076      -1.83528685E-03  0.936918974    
  0.681818128      0.300000012      0.930726647    
  0.689085245      -1.98255572E-03  0.936425030    
  0.691919208      0.300000012      0.930993378    
  0.699279010      -2.08932394E-03  0.935978472    
  0.702020168      0.300000012      0.931246400    
  0.709473014      -2.16132263E-03  0.935572743    
  0.712121248      0.300000012      0.931484640    
  0.719667256      -2.20326800E-03  0.935203135    
  0.722222209      0.300000012      0.931706965    
  0.729861557      -2.21910723E-03  0.934865057    
  0.732323229      0.300000012      0.931912661    
  0.740055859      -2.21219659E-03  0.934555590    
  0.742424250      0.300000012      0.932101190    
  0.750250101      -2.18543014E-03  0.934271574    
  0.752525210      0.300000012      0.932272673    
  0.760444343      -2.14133575E-03  0.934010923    
  0.762626290      0.300000012      0.932426870    
  0.770638466      -2.08214857E-03  0.933771551    
  0.772727251      0.300000012      0.932564020    
  0.780832529      -2.00986769E-03  0.933551550    
  0.782828331      0.300000012      0.932684243    
  0.791026533      -1.92630198E-03  0.933349729    
  0.792929292      0.300000012      0.932788432    
  0.801220417      -1.83310546E-03  0.933164656    
  0.803030252      0.300000012      0.932876348    
  0.811414242      -1.73180678E-03  0.932995260    
  0.813131332      0.300000012      0.932949007    
  0.821607947      -1.62383448E-03  0.932840168    
  0.823232293      0.300000012      0.933007181    
  0.831801653      -1.51053711E-03  0.932698846    
  0.833333373      0.300000012      0.933051050    
  0.841995239      -1.39320199E-03  0.932570279    
  0.843434334      0.300000012      0.933081865    
  0.852188885      -1.27307093E-03  0.932453930    
  0.853535354      0.300000012      0.933100283    
  0.862382472      -1.15135452E-03  0.932348847    
  0.863636374      0.300000012      0.933106840    
  0.872576058      -1.02924672E-03  0.932254851    
  0.873737335      0.300000012      0.933102846    
  0.882769644      -9.07936366E-04  0.932171643    
  0.883838415      0.300000012      0.933088899    
  0.892963290      -7.88621663E-04  0.932098925    
  0.893939376      0.300000012      0.933065832    
  0.903156877      -6.72522292E-04  0.932036996    
  0.904040456      0.300000012      0.933034718    
  0.913350582      -5.60893910E-04  0.931986094    
  0.914141417      0.300000012      0.932996511    
  0.923544347      -4.55042784E-04  0.931947052    
  0.924242377      0.300000012      0.932951868    
  0.933738232      -3.56342702E-04  0.931921124    
  0.934343457      0.300000012      0.932901978    
  0.943932116      -2.66253744E-04  0.931909800    
  0.944444418      0.300000012      0.932847619    
  0.954126120      -1.86344390E-04  0.931916177    
  0.954545498      0.300000012      0.932789445    
  0.964320183      -1.18317737E-04  0.931944132    
  0.964646459      0.300000012      0.932728529    
  0.974514365      -6.40430299E-05  0.931999505    
  0.974747479      0.300000012      0.932665884    
  0.984708548      -2.55945561E-05  0.932091951    
  0.984848499      0.300000012      0.932602167    
  0.994902849      -5.30014586E-06  0.932236433    
  0.994949460      0.300000012      0.932537973    
