   5.09713870E-03  -5.30014586E-06  0.936232805    
   5.05050505E-03  0.300000012      0.936697125    
   1.52914142E-02  -2.55945579E-05  0.935954630    
   1.51515156E-02  0.300000012      0.936110914    
   2.54856497E-02  -6.40430299E-05  0.935760617    
   2.52525248E-02  0.300000012      0.935532391    
   3.56798172E-02  -1.18317737E-04  0.935614645    
   3.53535339E-02  0.300000012      0.934970677    
   4.58739102E-02  -1.86344390E-04  0.935506403    
   4.54545468E-02  0.300000012      0.934428990    
   5.60679063E-02  -2.66253744E-04  0.935432196    
   5.55555560E-02  0.300000012      0.933909178    
   6.62618130E-02  -3.56342702E-04  0.935391068    
   6.56565651E-02  0.300000012      0.933412373    
   7.64556453E-02  -4.55042784E-04  0.935383379    
   7.57575780E-02  0.300000012      0.932939351    
   8.66494030E-02  -5.60893910E-04  0.935410559    
   8.58585835E-02  0.300000012      0.932490110    
   9.68431085E-02  -6.72522292E-04  0.935474038    
   9.59595963E-02  0.300000012      0.932064176    
  0.107036762      -7.88621663E-04  0.935575604    
  0.106060609      0.300000012      0.931660593    
  0.117230371      -9.07936366E-04  0.935717225    
  0.116161615      0.300000012      0.931278646    
  0.127423957      -1.02924672E-03  0.935900509    
  0.126262635      0.300000012      0.930916429    
  0.137617543      -1.15135452E-03  0.936126530    
  0.136363626      0.300000012      0.930572093    
  0.147811130      -1.27307093E-03  0.936396718    
  0.146464646      0.300000012      0.930243731    
  0.158004731      -1.39320199E-03  0.936711252    
  0.156565666      0.300000012      0.929929078    
  0.168198377      -1.51053711E-03  0.937070429    
  0.166666657      0.300000012      0.929625750    
  0.178392053      -1.62383448E-03  0.937473834    
  0.176767677      0.300000012      0.929331541    
  0.188585788      -1.73180678E-03  0.937920034    
  0.186868697      0.300000012      0.929044306    
  0.198779613      -1.83310546E-03  0.938407242    
  0.196969688      0.300000012      0.928761542    
  0.208973497      -1.92630198E-03  0.938933432    
  0.207070708      0.300000012      0.928481221    
  0.219167456      -2.00986769E-03  0.939495504    
  0.217171729      0.300000012      0.928201914    
  0.229361504      -2.08214857E-03  0.940090239    
  0.227272719      0.300000012      0.927921891    
  0.239555642      -2.14133575E-03  0.940714121    
  0.237373739      0.300000012      0.927640259    
  0.249749869      -2.18543014E-03  0.941363394    
  0.247474745      0.300000012      0.927355886    
  0.259944141      -2.21219659E-03  0.942034364    
  0.257575750      0.300000012      0.927068353    
  0.270138443      -2.21910723E-03  0.942724049    
  0.267676771      0.300000012      0.926777184    
  0.280332744      -2.20326800E-03  0.943429589    
  0.277777791      0.300000012      0.926482975    
  0.290526927      -2.16132263E-03  0.944149613    
  0.287878782      0.300000012      0.926185906    
  0.300720990      -2.08932394E-03  0.944883883    
  0.297979802      0.300000012      0.925886869    
  0.310914725      -1.98255572E-03  0.945634425    
  0.308080792      0.300000012      0.925586998    
  0.321107924      -1.83528673E-03  0.946405470    
  0.318181813      0.300000012      0.925288320    
  0.331300318      -1.64040946E-03  0.947203875    
  0.328282833      0.300000012      0.924992502    
  0.341491461      -1.38890476E-03  0.948041260    
  0.338383853      0.300000012      0.924701631    
  0.351680636      -1.06900139E-03  0.948932767    
  0.348484844      0.300000012      0.924419045    
  0.361866802      -6.64800231E-04  0.949900448    
  0.358585864      0.300000012      0.924148142    
  0.372048020      -1.52779801E-04  0.950977564    
  0.368686855      0.300000012      0.923892617    
  0.382218421       5.32900216E-04  0.952280164    
  0.378787875      0.300000012      0.923656523    
  0.392367005       1.48154085E-03  0.953271449    
  0.388888896      0.300000012      0.923445046    
  0.402478933       2.75815930E-03  0.953762114    
  0.398989916      0.300000012      0.923263967    
  0.412533373       4.42278618E-03  0.953707635    
  0.409090906      0.300000012      0.923118889    
  0.422499985       6.54528104E-03  0.952864707    
  0.419191927      0.300000012      0.923016191    
  0.432337403       9.19768959E-03  0.950749159    
  0.429292917      0.300000012      0.922962487    
  0.441999197       1.24293501E-02  0.946478426    
  0.439393938      0.300000012      0.922963858    
  0.451462448       1.62075944E-02  0.938472807    
  0.449494958      0.300000012      0.923026681    
  0.460791379       2.03159135E-02  0.924454033    
  0.459595978      0.300000012      0.923156202    
  0.470183551       2.42665764E-02  0.903230786    
  0.469696969      0.300000012      0.923356116    
  0.479857802       2.74050385E-02  0.880236745    
  0.479797989      0.300000012      0.923627615    
  0.489845991       2.92776041E-02  0.866649210    
  0.489898980      0.300000012      0.923969090    
  0.500000000       2.98680626E-02  0.864652514    
  0.500000000      0.300000012      0.924378812    
  0.510154009       2.92776022E-02  0.866688311    
  0.510100961      0.300000012      0.924853623    
  0.520142198       2.74050366E-02  0.870955706    
  0.520202041      0.300000012      0.925390005    
  0.529816389       2.42665745E-02  0.881084800    
  0.530303001      0.300000012      0.925981820    
  0.539208651       2.03159116E-02  0.896925092    
  0.540404081      0.300000012      0.926622689    
  0.548537612       1.62075926E-02  0.913229406    
  0.550505042      0.300000012      0.927307069    
  0.558000803       1.24293491E-02  0.925085187    
  0.560606062      0.300000012      0.928028226    
  0.567662597       9.19768866E-03  0.931982577    
  0.570707083      0.300000012      0.928778708    
  0.577499986       6.54528011E-03  0.935494661    
  0.580808043      0.300000012      0.929549754    
  0.587466598       4.42278571E-03  0.937008977    
  0.590909123      0.300000012      0.930332482    
  0.597521067       2.75815884E-03  0.937350810    
  0.601010084      0.300000012      0.931118131    
  0.607632995       1.48154050E-03  0.936995268    
  0.611111164      0.300000012      0.931898177    
  0.617781639       5.32900100E-04  0.936177671    
  0.621212125      0.300000012      0.932665110    
  0.627951980      -1.52779903E-04  0.934960186    
  0.631313086      0.300000012      0.933411837    
  0.638133168      -6.64800347E-04  0.933487356    
  0.641414165      0.300000012      0.934132874    
  0.648319364      -1.06900150E-03  0.932200372    
  0.651515126      0.300000012      0.934823453    
  0.658508539      -1.38890487E-03  0.931047022    
  0.661616206      0.300000012      0.935480058    
  0.668699682      -1.64040946E-03  0.930006802    
  0.671717167      0.300000012      0.936099946    
  0.678892076      -1.83528685E-03  0.929071486    
  0.681818128      0.300000012      0.936680913    
  0.689085245      -1.98255572E-03  0.928236127    
  0.691919208      0.300000012      0.937221587    
  0.699279010      -2.08932394E-03  0.927498102    
  0.702020168      0.300000012      0.937720537    
  0.709473014      -2.16132263E-03  0.926855624    
  0.712121248      0.300000012      0.938177228    
  0.719667256      -2.20326800E-03  0.926307619    
  0.722222209      0.300000012      0.938590646    
  0.729861557      -2.21910723E-03  0.925853014    
  0.732323229      0.300000012      0.938960135    
  0.740055859      -2.21219659E-03  0.925490499    
  0.742424250      0.300000012      0.939284921    
  0.750250101      -2.18543014E-03  0.925218523    
  0.752525210      0.300000012      0.939564466    
  0.760444343      -2.14133575E-03  0.925035119    
  0.762626290      0.300000012      0.939797938    
  0.770638466      -2.08214857E-03  0.924936593    
  0.772727251      0.300000012      0.939984441    
  0.780832529      -2.00986769E-03  0.924919426    
  0.782828331      0.300000012      0.940123856    
  0.791026533      -1.92630198E-03  0.924979150    
  0.792929292      0.300000012      0.940215230    
  0.801220417      -1.83310546E-03  0.925109923    
  0.803030252      0.300000012      0.940258265    
  0.811414242      -1.73180678E-03  0.925305605    
  0.813131332      0.300000012      0.940252721    
  0.821607947      -1.62383448E-03  0.925559282    
  0.823232293      0.300000012      0.940198362    
  0.831801653      -1.51053711E-03  0.925863504    
  0.833333373      0.300000012      0.940095544    
  0.841995239      -1.39320199E-03  0.926210046    
  0.843434334      0.300000012      0.939944565    
  0.852188885      -1.27307093E-03  0.926590860    
  0.853535354      0.300000012      0.939746201    
  0.862382472      -1.15135452E-03  0.926998198    
  0.863636374      0.300000012      0.939501345    
  0.872576058      -1.02924672E-03  0.927423596    
  0.873737335      0.300000012      0.939210653    
  0.882769644      -9.07936366E-04  0.927859604    
  0.883838415      0.300000012      0.938875973    
  0.892963290      -7.88621663E-04  0.928299069    
  0.893939376      0.300000012      0.938498616    
  0.903156877      -6.72522292E-04  0.928735852    
  0.904040456      0.300000012      0.938079953    
  0.913350582      -5.60893910E-04  0.929164350    
  0.914141417      0.300000012      0.937622309    
  0.923544347      -4.55042784E-04  0.929580152    
  0.924242377      0.300000012      0.937127411    
  0.933738232      -3.56342702E-04  0.929980099    
  0.934343457      0.300000012      0.936597764    
  0.943932116      -2.66253744E-04  0.930362523    
  0.944444418      0.300000012      0.936035872    
  0.954126120      -1.86344390E-04  0.930727720    
  0.954545498      0.300000012      0.935444415    
  0.964320183      -1.18317737E-04  0.931077421    
  0.964646459      0.300000012      0.934826016    
  0.974514365      -6.40430299E-05  0.931416929    
  0.974747479      0.300000012      0.934184134    
  0.984708548      -2.55945561E-05  0.931755304    
  0.984848499      0.300000012      0.933521390    
  0.994902849      -5.30014586E-06  0.932106137    
  0.994949460      0.300000012      0.932841420    
